Second_degree_pearson: -0.9919425845146179
Third_degree_pearson: -0.9917040467262268
Fourth_degree_pearson: -0.963202953338623