Second_degree_pearson: -0.9946761727333069
Third_degree_pearson: -0.991929292678833
Fourth_degree_pearson: -0.9624656438827515