Second_degree_pearson: -0.9922459721565247
Third_degree_pearson: -0.9917712807655334
Fourth_degree_pearson: -0.9627755880355835