Max_FOM_Blume-Capel: 2.0458273887634277
Max_FOM_Potts: 2.117527723312378
Max_FOM_QUBO: 2.389634132385254
