Second_degree_pearson: -0.6650412082672119
Third_degree_pearson: -0.2059604823589325
Fourth degree pearson: 0.010344373062252998